1834.807026386261
1833.5325083732605
1085.6121618747711
1091.1199977397919
1083.6793808937073
1074.520968914032
1073.8608453273773
1105.743707895279
1194.2192435264587
1188.5692389011383
1163.7081334590912
1263.7416055202484
1170.1942143440247
1194.7451832294464
1128.218019247055
1276.2858471870422
1254.492740869522

1439.6437067985535
1476.7253556251526
1523.3086173534393
1490.7642920017242
1502.196221113205
1475.5984363555908
1698.7529273033142
1610.3266446590424
1615.3291358947754
1527.5765759944916

1164.3844702243805
1153.4746038913727
1204.2138090133667
1252.054526090622
1196.779220342636
1183.3329374790192
1185.18714761734
1167.9455308914185
1171.145694732666
1178.488364458084
1444.292997121811
1428.0307874679565
1469.3370988368988
1440.682772397995
1436.3119292259216
1470.1696608066559
1435.2057540416718
1418.5825481414795
1420.4581880569458
1432.5070161819458
1278.760652065277
1263.4178919792175
1246.3372526168823
1247.5808658599854
1246.2180242538452
1283.4434521198273
1407.5404379367828
1519.3099796772003
1504.9593262672424
1518.6317253112793
1517.0047206878662
1449.9468989372253
1708.8217859268188
2283.0547692775726
1500.1137537956238
1424.0653085708618
1182.0543763637543
1167.5737671852112
1187.5735547542572
1193.4862711429596
1314.376916885376
